   0    4 
   1    4 
   2    4 
   2    4 
   3    4 
   4    4 
   5    4 
   5    3 
   6    3 
   7    3 
   7    3 
   8    3 
   8    3 
   9    3 
  10    3 
  10    3 
  11    3 
  11    3 
  12    3 
  12    2 
  13    2 
  13    2 
  14    2 
  14    2 
  15    2 
  15    2 
  15    2 
  16    2 
  16    2 
  16    2 
  17    2 
  17    2 
  17    1 
  18    1 
  18    1 
  18    1 
  18    1 
  19    1 
  19    1 
  19    1 
  19    1 
  19    1 
  19    1 
  20    1 
  20    0 
  20    0 
  20    0 
  20    0 
  20    0 
  20    0 
  20    0 
  20   -0 
  20   -0 
  20   -0 
  20   -0 
  20   -0 
  20   -0 
  20   -1 
  19   -1 
  19   -1 
  19   -1 
  19   -1 
  19   -1 
  19   -1 
  18   -1 
  18   -1 
  18   -1 
  18   -1 
  17   -1 
  17   -2 
  17   -2 
  16   -2 
  16   -2 
  16   -2 
  15   -2 
  15   -2 
  15   -2 
  14   -2 
  14   -2 
  13   -2 
  13   -2 
  12   -2 
  12   -3 
  11   -3 
  11   -3 
  10   -3 
  10   -3 
   9   -3 
   8   -3 
   8   -3 
   7   -3 
   7   -3 
   6   -3 
   5   -3 
   5   -4 
   4   -4 
   3   -4 
   2   -4 
   2   -4 
   1   -4 
   0   -4 
